              precision    recall  f1-score   support

           0       0.75      1.00      0.86         6
           1       0.88      0.88      0.88         8
           2       0.71      0.71      0.71         7
           3       1.00      1.00      1.00         8
           4       1.00      0.89      0.94         9
           5       1.00      1.00      1.00         5
           6       0.61      0.85      0.71        13
           7       1.00      1.00      1.00         6
           8       1.00      1.00      1.00        11
           9       1.00      1.00      1.00        11
           a       1.00      0.78      0.88         9
           b       1.00      1.00      1.00         8
           c       1.00      1.00      1.00         8
           d       0.88      1.00      0.93         7
           e       0.92      1.00      0.96        11
           f       1.00      1.00      1.00         8
           g       1.00      0.91      0.95        11
           h       0.75      1.00      0.86         3
           i       1.00      1.00      1.00         9
           j       1.00      1.00      1.00        10
           k       0.73      0.73      0.73        11
           l       1.00      1.00      1.00         6
           m       1.00      0.88      0.93         8
           n       1.00      0.90      0.95        10
           o       1.00      0.80      0.89        10
           p       1.00      1.00      1.00        11
           q       1.00      1.00      1.00         7
           r       1.00      1.00      1.00         8
           s       0.93      1.00      0.96        13
           t       0.67      1.00      0.80         4
           u       0.91      0.91      0.91        11
           v       0.75      0.60      0.67         5
           w       0.78      0.54      0.64        13
           x       1.00      1.00      1.00         8
           y       1.00      1.00      1.00         9
           z       0.92      0.92      0.92        12

    accuracy                           0.92       314
   macro avg       0.92      0.92      0.92       314
weighted avg       0.93      0.92      0.92       314
