              precision    recall  f1-score   support

           0       0.62      0.83      0.71         6
           1       0.56      0.62      0.59         8
           2       0.55      0.86      0.67         7
           3       1.00      1.00      1.00         8
           4       1.00      1.00      1.00         9
           5       1.00      1.00      1.00         5
           6       0.58      0.54      0.56        13
           7       0.86      1.00      0.92         6
           8       1.00      1.00      1.00        11
           9       1.00      1.00      1.00        11
           a       1.00      0.89      0.94         9
           b       1.00      1.00      1.00         8
           c       1.00      1.00      1.00         8
           d       1.00      1.00      1.00         7
           e       1.00      1.00      1.00        11
           f       1.00      1.00      1.00         8
           g       1.00      0.91      0.95        11
           h       0.75      1.00      0.86         3
           i       1.00      1.00      1.00         9
           j       1.00      1.00      1.00        10
           k       1.00      0.82      0.90        11
           l       1.00      1.00      1.00         6
           m       1.00      1.00      1.00         8
           n       1.00      0.90      0.95        10
           o       0.88      0.70      0.78        10
           p       1.00      1.00      1.00        11
           q       1.00      1.00      1.00         7
           r       1.00      1.00      1.00         8
           s       0.93      1.00      0.96        13
           t       0.80      1.00      0.89         4
           u       0.80      0.73      0.76        11
           v       0.60      0.60      0.60         5
           w       0.62      0.62      0.62        13
           x       1.00      1.00      1.00         8
           y       1.00      1.00      1.00         9
           z       0.80      0.67      0.73        12

    accuracy                           0.89       314
   macro avg       0.90      0.91      0.90       314
weighted avg       0.90      0.89      0.90       314
