              precision    recall  f1-score   support

           0       0.57      0.67      0.62         6
           1       0.86      0.75      0.80         8
           2       0.64      1.00      0.78         7
           3       0.89      1.00      0.94         8
           4       1.00      1.00      1.00         9
           5       1.00      1.00      1.00         5
           6       0.77      0.77      0.77        13
           7       1.00      1.00      1.00         6
           8       1.00      1.00      1.00        11
           9       1.00      1.00      1.00        11
           a       1.00      0.89      0.94         9
           b       1.00      1.00      1.00         8
           c       1.00      1.00      1.00         8
           d       1.00      1.00      1.00         7
           e       1.00      1.00      1.00        11
           f       1.00      1.00      1.00         8
           g       1.00      1.00      1.00        11
           h       1.00      1.00      1.00         3
           i       1.00      1.00      1.00         9
           j       1.00      1.00      1.00        10
           k       1.00      0.82      0.90        11
           l       1.00      0.83      0.91         6
           m       1.00      1.00      1.00         8
           n       1.00      0.90      0.95        10
           o       0.78      0.70      0.74        10
           p       1.00      1.00      1.00        11
           q       1.00      1.00      1.00         7
           r       1.00      1.00      1.00         8
           s       0.93      1.00      0.96        13
           t       0.80      1.00      0.89         4
           u       1.00      1.00      1.00        11
           v       1.00      0.60      0.75         5
           w       0.77      0.77      0.77        13
           x       1.00      1.00      1.00         8
           y       1.00      1.00      1.00         9
           z       0.85      0.92      0.88        12

    accuracy                           0.93       314
   macro avg       0.94      0.93      0.93       314
weighted avg       0.94      0.93      0.93       314
