              precision    recall  f1-score   support

           0       0.57      0.67      0.62         6
           1       0.83      0.62      0.71         8
           2       0.67      0.86      0.75         7
           3       1.00      1.00      1.00         8
           4       1.00      1.00      1.00         9
           5       1.00      1.00      1.00         5
           6       1.00      0.38      0.56        13
           7       0.86      1.00      0.92         6
           8       1.00      1.00      1.00        11
           9       1.00      1.00      1.00        11
           a       0.89      0.89      0.89         9
           b       1.00      1.00      1.00         8
           c       1.00      1.00      1.00         8
           d       1.00      1.00      1.00         7
           e       1.00      1.00      1.00        11
           f       1.00      1.00      1.00         8
           g       1.00      0.91      0.95        11
           h       0.75      1.00      0.86         3
           i       1.00      1.00      1.00         9
           j       1.00      1.00      1.00        10
           k       0.83      0.91      0.87        11
           l       1.00      1.00      1.00         6
           m       1.00      1.00      1.00         8
           n       1.00      0.90      0.95        10
           o       0.78      0.70      0.74        10
           p       1.00      1.00      1.00        11
           q       1.00      1.00      1.00         7
           r       1.00      1.00      1.00         8
           s       0.92      0.92      0.92        13
           t       0.80      1.00      0.89         4
           u       1.00      1.00      1.00        11
           v       1.00      0.40      0.57         5
           w       0.65      1.00      0.79        13
           x       1.00      1.00      1.00         8
           y       1.00      1.00      1.00         9
           z       0.79      0.92      0.85        12

    accuracy                           0.92       314
   macro avg       0.93      0.92      0.91       314
weighted avg       0.93      0.92      0.91       314
