              precision    recall  f1-score   support

           0       0.67      0.67      0.67         6
           1       0.83      0.62      0.71         8
           2       0.58      1.00      0.74         7
           3       1.00      1.00      1.00         8
           4       1.00      1.00      1.00         9
           5       1.00      1.00      1.00         5
           6       0.78      0.54      0.64        13
           7       1.00      1.00      1.00         6
           8       1.00      1.00      1.00        11
           9       1.00      1.00      1.00        11
           a       0.69      1.00      0.82         9
           b       1.00      1.00      1.00         8
           c       1.00      1.00      1.00         8
           d       1.00      1.00      1.00         7
           e       1.00      1.00      1.00        11
           f       1.00      1.00      1.00         8
           g       1.00      0.64      0.78        11
           h       0.43      1.00      0.60         3
           i       1.00      1.00      1.00         9
           j       1.00      1.00      1.00        10
           k       1.00      0.82      0.90        11
           l       1.00      1.00      1.00         6
           m       1.00      1.00      1.00         8
           n       1.00      0.90      0.95        10
           o       0.80      0.80      0.80        10
           p       1.00      1.00      1.00        11
           q       1.00      1.00      1.00         7
           r       1.00      1.00      1.00         8
           s       0.91      0.77      0.83        13
           t       1.00      0.75      0.86         4
           u       1.00      1.00      1.00        11
           v       1.00      0.40      0.57         5
           w       0.65      0.85      0.73        13
           x       1.00      1.00      1.00         8
           y       1.00      1.00      1.00         9
           z       0.79      0.92      0.85        12

    accuracy                           0.90       314
   macro avg       0.92      0.91      0.90       314
weighted avg       0.92      0.90      0.90       314
